{
 "cells": [
  {
   "cell_type": "code",
   "execution_count": 70,
   "metadata": {
    "collapsed": true
   },
   "outputs": [],
   "source": [
    "import numpy as np\n",
    "import numpy.random as rando\n",
    "import math\n",
    "import pandas as pd\n",
    "import os\n",
    "import scipy.integrate\n",
    "import scipy\n",
    "import matplotlib.pyplot as plt\n",
    "import scipy.stats as stats\n"
   ]
  },
  {
   "cell_type": "code",
   "execution_count": 71,
   "metadata": {},
   "outputs": [
    {
     "name": "stdout",
     "output_type": "stream",
     "text": [
      "fast.txt\n",
      "/home/theurerjohn3\n"
     ]
    }
   ],
   "source": [
    "def read_file(file_name):\n",
    "    file_path = os.path.join(file_name)\n",
    "    print(file_path)\n",
    "    print(os.getcwd())\n",
    "    df = pd.read_csv(file_name,delimiter=\",\",names=[\"accX\",\"accY\",\"accZ\",\"gyroX\",\"gyroY\",\"gyroZ\",\"alt\",\"temp\"],header=None)\n",
    "    return df\n",
    "df = read_file(\"fast.txt\")\n",
    "data = df[[\"accX\",\"accY\",\"accZ\",\"gyroX\",\"gyroY\",\"gyroZ\"]]"
   ]
  },
  {
   "cell_type": "code",
   "execution_count": 72,
   "metadata": {
    "collapsed": true
   },
   "outputs": [],
   "source": [
    "# Calculates rotation matrix to euler angles\n",
    "# The result is the same as MATLAB except the order\n",
    "# of the euler angles ( x and z are swapped ).\n",
    "def rotationMatrixToEulerAngles(R) :\n",
    " \n",
    "     \n",
    "    sy = math.sqrt(R[0,0] * R[0,0] +  R[1,0] * R[1,0])\n",
    "     \n",
    "    singular = sy < 1e-6\n",
    " \n",
    "    if  not singular :\n",
    "        x = math.atan2(R[2,1] , R[2,2])\n",
    "        y = math.atan2(-R[2,0], sy)\n",
    "        z = math.atan2(R[1,0], R[0,0])\n",
    "    else :\n",
    "        x = math.atan2(-R[1,2], R[1,1])\n",
    "        y = math.atan2(-R[2,0], sy)\n",
    "        z = 0\n",
    " \n",
    "    return np.array([x, y, z])"
   ]
  },
  {
   "cell_type": "code",
   "execution_count": 73,
   "metadata": {
    "collapsed": true
   },
   "outputs": [],
   "source": [
    "def gyrotoeuler(gyro,pos,dt):\n",
    "    sinPhi = math.sin(pos[0])\n",
    "    cosPhi = math.cos(pos[0])\n",
    "    cosTheta = math.cos(pos[1])\n",
    "    tanTheta = math.tan(pos[1])\n",
    "    \n",
    "    cat = []\n",
    "    \n",
    "    cat.append(pos[0]+dt*(gyro[0]+gyro[1]*sinPhi*tanTheta+gyro[2]*cosPhi*tanTheta))\n",
    "    cat.append(pos[1]+dt*(gyro[1]*cosPhi-gyro[2]*sinPhi))\n",
    "    cat.append(pos[1]*sinPhi/cosTheta+pos[2]*cosPhi/cosTheta)\n",
    "    \n",
    "    return np.matrix(cat)\n",
    "    "
   ]
  },
  {
   "cell_type": "code",
   "execution_count": 74,
   "metadata": {},
   "outputs": [
    {
     "name": "stdout",
     "output_type": "stream",
     "text": [
      "[ 0.12062367  0.00995596 -0.22082877]\n",
      "[[ 0.098 -1.176 -9.702]]\n",
      "[[0.0], [0.78000000000000003], [9.5299999999999994]]\n",
      "total rotation\n",
      "[[  9.99982872e-01   3.76724266e-03   4.47916698e-03]\n",
      " [ -3.76814809e-03   9.99992882e-01   1.93721415e-04]\n",
      " [ -4.47840530e-03  -2.10596262e-04   9.99989950e-01]]\n",
      "cum_rot\n",
      "[[ 0.97528781  0.22077816 -0.00840809]\n",
      " [-0.22022743  0.96839584 -0.11708703]\n",
      " [-0.0177079   0.11604525  0.99308607]]\n",
      "cum_Vel\n",
      "[[ 0.01900779]\n",
      " [-0.15364907]\n",
      " [-0.01473745]]\n",
      "position\n",
      "[[ 0.00190078]\n",
      " [-0.01536491]\n",
      " [-0.00147374]]\n",
      "[[0.0], [0.75], [9.5700000000000003]]\n",
      "total rotation\n",
      "[[  9.99992682e-01   3.81519037e-03   2.83928187e-04]\n",
      " [ -3.81460082e-03   9.99990626e-01  -2.04877895e-03]\n",
      " [ -2.91742007e-04   2.04768088e-03   9.99997861e-01]]\n",
      "cum_rot\n",
      "[[ 0.97444095  0.22447978 -0.00858348]\n",
      " [-0.2238857   0.96730679 -0.11913334]\n",
      " [-0.01844016  0.11801012  0.99284116]]\n",
      "cum_Vel\n",
      "[[ 0.03742938]\n",
      " [-0.31271167]\n",
      " [-0.0259377 ]]\n",
      "position\n",
      "[[ 0.00564372]\n",
      " [-0.04663607]\n",
      " [-0.00406751]]\n",
      "[[0.040000000000000001], [0.75], [9.4900000000000002]]\n",
      "total rotation\n",
      "[[  9.99992438e-01   3.87736596e-03   2.98514498e-04]\n",
      " [ -3.87673589e-03   9.99990316e-01  -2.08309585e-03]\n",
      " [ -3.06588532e-04   2.08192283e-03   9.99997786e-01]]\n",
      "cum_rot\n",
      "[[ 0.97356596  0.228238   -0.00876019]\n",
      " [-0.22759748  0.96618131 -0.1212149 ]\n",
      " [-0.01920191  0.1200045   0.99258763]]\n",
      "cum_Vel\n",
      "[[ 0.05992808]\n",
      " [-0.4737914 ]\n",
      " [-0.0452485 ]]\n",
      "position\n",
      "[[ 0.01163653]\n",
      " [-0.09401521]\n",
      " [-0.00859236]]\n",
      "[[0.0], [0.75], [9.4900000000000002]]\n",
      "total rotation\n",
      "[[  9.99992188e-01   3.94037772e-03   3.11581356e-04]\n",
      " [ -3.93970907e-03   9.99989996e-01  -2.11824536e-03]\n",
      " [ -3.19924926e-04   2.11700127e-03   9.99997708e-01]]\n",
      "cum_rot\n",
      "[[ 0.97266197  0.23205339 -0.00894029]\n",
      " [-0.2313634   0.96501821 -0.12333215]\n",
      " [-0.0199921   0.12202895  0.99232518]]\n",
      "cum_Vel\n",
      "[[ 0.07864775]\n",
      " [-0.63605725]\n",
      " [-0.06457974]]\n",
      "position\n",
      "[[ 0.0195013 ]\n",
      " [-0.15762094]\n",
      " [-0.01505034]]\n",
      "[[0.0], [0.75], [9.5299999999999994]]\n",
      "total rotation\n",
      "[[  9.99991930e-01   4.00424012e-03   3.25137085e-04]\n",
      " [ -4.00353072e-03   9.99989666e-01  -2.15393905e-03]\n",
      " [ -3.33758614e-04   2.15261997e-03   9.99997627e-01]]\n",
      "cum_rot\n",
      "[[ 0.97172807  0.23592652 -0.00912385]\n",
      " [-0.23518384  0.96381632 -0.12548567]\n",
      " [-0.02081168  0.12408373  0.99205348]]\n",
      "cum_Vel\n",
      "[[ 0.09744721]\n",
      " [-0.80095887]\n",
      " [-0.08004649]]\n",
      "position\n",
      "[[ 0.02924602]\n",
      " [-0.23771682]\n",
      " [-0.02305499]]\n",
      "[[0.0], [0.70999999999999996], [9.4900000000000002]]\n",
      "total rotation\n",
      "[[  9.99991665e-01   4.06895101e-03   3.37030643e-04]\n",
      " [ -4.06820321e-03   9.99989326e-01  -2.19053441e-03]\n",
      " [ -3.45940223e-04   2.18914505e-03   9.99997544e-01]]\n",
      "cum_rot\n",
      "[[ 0.97076333  0.23985794 -0.00931313]\n",
      " [-0.23905947  0.96257437 -0.1276759 ]\n",
      " [-0.0216595   0.12616947  0.99177222]]\n",
      "cum_Vel\n",
      "[[ 0.11543896]\n",
      " [-0.97138052]\n",
      " [-0.10009662]]\n",
      "position\n",
      "[[ 0.04078992]\n",
      " [-0.33485488]\n",
      " [-0.03306465]]\n",
      "[[0.040000000000000001], [0.85999999999999999], [9.5299999999999994]]\n",
      "total rotation\n",
      "[[  9.99991390e-01   4.13453502e-03   3.53744259e-04]\n",
      " [ -4.13373725e-03   9.99988976e-01  -2.22698820e-03]\n",
      " [ -3.62947921e-04   2.22550674e-03   9.99997458e-01]]\n",
      "cum_rot\n",
      "[[ 0.96976684  0.24384823 -0.00950386]\n",
      " [-0.24299011  0.96129122 -0.12990378]\n",
      " [-0.02254082  0.12828573  0.99148106]]\n",
      "cum_Vel\n",
      "[[ 0.14103179]\n",
      " [-1.13107974]\n",
      " [-0.11447277]]\n",
      "position\n",
      "[[ 0.0548931 ]\n",
      " [-0.44796285]\n",
      " [-0.04451193]]\n",
      "[[0.040000000000000001], [0.70999999999999996], [9.5299999999999994]]\n",
      "total rotation\n",
      "[[  9.99991108e-01   4.20096248e-03   3.68867216e-04]\n",
      " [ -4.20011676e-03   9.99988616e-01  -2.26434920e-03]\n",
      " [ -3.78375463e-04   2.26277978e-03   9.99997368e-01]]\n",
      "cum_rot\n",
      "[[ 0.96873762  0.2478979  -0.00969828]\n",
      " [-0.24697633  0.95996554 -0.13216977]\n",
      " [-0.02345459  0.13043308  0.99117965]]\n",
      "cum_Vel\n",
      "[[ 0.16306503]\n",
      " [-1.30746788]\n",
      " [-0.13091163]]\n",
      "position\n",
      "[[ 0.0711996 ]\n",
      " [-0.57870964]\n",
      " [-0.05760309]]\n",
      "[[0.040000000000000001], [0.75], [9.5299999999999994]]\n",
      "total rotation\n",
      "[[  9.99990817e-01   4.26824733e-03   3.84548185e-04]\n",
      " [ -4.26735101e-03   9.99988245e-01  -2.30227712e-03]\n",
      " [ -3.94370353e-04   2.30061498e-03   9.99997276e-01]]\n",
      "cum_rot\n",
      "[[ 0.96767468  0.25200748 -0.00989646]\n",
      " [-0.25101845  0.95859603 -0.13447449]\n",
      " [-0.02440187  0.13261176  0.99086764]]\n",
      "cum_Vel\n",
      "[[ 0.18620497]\n",
      " [-1.48233145]\n",
      " [-0.1469665 ]]\n",
      "position\n",
      "[[ 0.0898201 ]\n",
      " [-0.72694278]\n",
      " [-0.07229974]]\n",
      "[[0.0], [0.75], [9.5299999999999994]]\n",
      "total rotation\n",
      "[[  9.99990517e-01   4.33638987e-03   4.00805730e-04]\n",
      " [ -4.33544015e-03   9.99987862e-01  -2.34077742e-03]\n",
      " [ -4.10951389e-04   2.33901755e-03   9.99997180e-01]]\n",
      "cum_rot\n",
      "[[ 0.96657701  0.25617749 -0.01009847]\n",
      " [-0.25511674  0.95718134 -0.13681858]\n",
      " [-0.02538377  0.13482199  0.99054465]]\n",
      "cum_Vel\n",
      "[[ 0.20559443]\n",
      " [-1.65853096]\n",
      " [-0.1630658 ]]\n",
      "position\n",
      "[[ 0.11037954]\n",
      " [-0.89279588]\n",
      " [-0.08860632]]\n",
      "[[0.0], [0.75], [9.4900000000000002]]\n",
      "total rotation\n",
      "[[  9.99990209e-01   4.40538975e-03   4.17658946e-04]\n",
      " [ -4.40438370e-03   9.99987469e-01  -2.37985542e-03]\n",
      " [ -4.28137903e-04   2.37799259e-03   9.99997081e-01]]\n",
      "cum_rot\n",
      "[[ 0.96544357  0.26040842 -0.01030441]\n",
      " [-0.25927146  0.9557201  -0.13920269]\n",
      " [-0.02640142  0.13706398  0.9902103 ]]\n",
      "cum_Vel\n",
      "[[ 0.22514618]\n",
      " [-1.8365553 ]\n",
      " [-0.18327643]]\n",
      "position\n",
      "[[ 0.13289416]\n",
      " [-1.07645141]\n",
      " [-0.10693396]]\n",
      "[[0.0], [0.75], [9.5299999999999994]]\n",
      "total rotation\n",
      "[[  9.99989891e-01   4.47525359e-03   4.35049361e-04]\n",
      " [ -4.47418053e-03   9.99987021e-01  -2.43696941e-03]\n",
      " [ -4.45949771e-04   2.43499828e-03   9.99996936e-01]]\n",
      "cum_rot\n",
      "[[ 0.96427329  0.26470055 -0.01051897]\n",
      " [-0.26348282  0.95420843 -0.14164412]\n",
      " [-0.02745598  0.13935521  0.98986176]]\n",
      "cum_Vel\n",
      "[[ 0.24477414]\n",
      " [-2.01757652]\n",
      " [-0.19968653]]\n",
      "position\n",
      "[[ 0.15737157]\n",
      " [-1.27820906]\n",
      " [-0.12690262]]\n",
      "[[0.0], [0.75], [9.5299999999999994]]\n",
      "total rotation\n",
      "[[  9.99989564e-01   4.54593745e-03   4.53230494e-04]\n",
      " [ -4.54480920e-03   9.99986646e-01  -2.46006986e-03]\n",
      " [ -4.64407765e-04   2.45798434e-03   9.99996871e-01]]\n",
      "cum_rot\n",
      "[[ 0.9630651   0.26905469 -0.01073308]\n",
      " [-0.26775099  0.95264976 -0.14411051]\n",
      " [-0.02854874  0.1416616   0.98950339]]\n",
      "cum_Vel\n",
      "[[ 0.26452461]\n",
      " [-2.2010651 ]\n",
      " [-0.21626518]]\n",
      "position\n",
      "[[ 0.18382403]\n",
      " [-1.49831557]\n",
      " [-0.14852913]]\n",
      "[[0.0], [0.75], [9.4900000000000002]]\n",
      "total rotation\n",
      "[[  9.99989228e-01   4.61749882e-03   4.71992029e-04]\n",
      " [ -4.61630449e-03   9.99986217e-01  -2.50091705e-03]\n",
      " [ -4.83533506e-04   2.49871125e-03   9.99996761e-01]]\n",
      "cum_rot\n",
      "[[ 0.96181787  0.27347111 -0.01095137]\n",
      " [-0.27207614  0.9510402  -0.14661892]\n",
      " [-0.02968084  0.14400031  0.98913243]]\n",
      "cum_Vel\n",
      "[[ 0.2844421 ]\n",
      " [-2.38647845]\n",
      " [-0.23697848]]\n",
      "position\n",
      "[[ 0.21226824]\n",
      " [-1.73696342]\n",
      " [-0.17222698]]\n",
      "[[0.0], [0.85999999999999999], [9.3800000000000008]]\n",
      "total rotation\n",
      "[[  9.99988882e-01   4.68990926e-03   4.91431187e-04]\n",
      " [ -4.68864529e-03   9.99985776e-01  -2.54236205e-03]\n",
      " [ -5.03347644e-04   2.54002964e-03   9.99996647e-01]]\n",
      "cum_rot\n",
      "[[ 0.96053048  0.27795024 -0.01117393]\n",
      " [-0.27645841  0.94937824 -0.14917003]\n",
      " [-0.03085356  0.14637148  0.98874843]]\n",
      "cum_Vel\n",
      "[[ 0.30766467]\n",
      " [-2.5623534 ]\n",
      " [-0.26714451]]\n",
      "position\n",
      "[[ 0.24303471]\n",
      " [-1.99319876]\n",
      " [-0.19894143]]\n",
      "[[0.0], [0.75], [9.6099999999999994]]\n",
      "total rotation\n",
      "[[  9.99988527e-01   4.76315855e-03   5.09011486e-04]\n",
      " [ -4.76182751e-03   9.99985321e-01  -2.58493025e-03]\n",
      " [ -5.21316447e-04   2.58247676e-03   9.99996530e-01]]\n",
      "cum_rot\n",
      "[[ 0.95920174  0.28249247 -0.01140345]\n",
      " [-0.28089825  0.94766226 -0.1517643 ]\n",
      " [-0.03206565  0.14877579  0.98835093]]\n",
      "cum_Vel\n",
      "[[ 0.32769289]\n",
      " [-2.75472423]\n",
      " [-0.27638108]]\n",
      "position\n",
      "[[ 0.275804  ]\n",
      " [-2.26867118]\n",
      " [-0.22657954]]\n",
      "[[0.0], [0.70999999999999996], [9.4900000000000002]]\n",
      "total rotation\n",
      "[[  9.99988159e-01   4.83727281e-03   5.32386368e-04]\n",
      " [ -4.83585820e-03   9.99984856e-01  -2.62707271e-03]\n",
      " [ -5.45086173e-04   2.62446706e-03   9.99996408e-01]]\n",
      "cum_rot\n",
      "[[ 0.9578305   0.28709818 -0.01163487]\n",
      " [-0.28539496  0.94589083 -0.15440288]\n",
      " [-0.03332346  0.15121233  0.98793946]]\n",
      "cum_Vel\n",
      "[[ 0.34683536]\n",
      " [-2.95169432]\n",
      " [-0.29829045]]\n",
      "position\n",
      "[[ 0.31048753]\n",
      " [-2.56384061]\n",
      " [-0.25640858]]\n",
      "[[0.0], [0.75], [9.5299999999999994]]\n",
      "total rotation\n",
      "[[  9.99987782e-01   4.91221390e-03   5.53905737e-04]\n",
      " [ -4.91070814e-03   9.99984330e-01  -2.68779150e-03]\n",
      " [ -5.67100064e-04   2.68503859e-03   9.99996234e-01]]\n",
      "cum_rot\n",
      "[[ 0.95641554  0.29176751 -0.01187594]\n",
      " [-0.2899489   0.94405951 -0.15710274]\n",
      " [-0.03462588  0.15369892  0.98751086]]\n",
      "cum_Vel\n",
      "[[ 0.36720015]\n",
      " [-3.14820877]\n",
      " [-0.31586518]]\n",
      "position\n",
      "[[ 0.34720755]\n",
      " [-2.87866149]\n",
      " [-0.2879951 ]]\n",
      "[[0.0], [0.78000000000000003], [9.5299999999999994]]\n",
      "total rotation\n",
      "[[  9.99987394e-01   4.98794009e-03   5.76364256e-04]\n",
      " [ -4.98635801e-03   9.99983884e-01  -2.71452402e-03]\n",
      " [ -5.89894850e-04   2.71161584e-03   9.99996150e-01]]\n",
      "cum_rot\n",
      "[[ 0.95495563  0.29650115 -0.01211666]\n",
      " [-0.29455999  0.94217204 -0.15983192]\n",
      " [-0.03597437  0.15620148  0.98706988]]\n",
      "cum_Vel\n",
      "[[ 0.38858006]\n",
      " [-3.34463917]\n",
      " [-0.33320387]]\n",
      "position\n",
      "[[ 0.38606555]\n",
      " [-3.2131254 ]\n",
      " [-0.32131549]]\n",
      "[[0.040000000000000001], [0.70999999999999996], [9.4100000000000001]]\n",
      "total rotation\n",
      "[[  9.99986996e-01   5.06451887e-03   5.99532620e-04]\n",
      " [ -5.06284639e-03   9.99983378e-01  -2.75902933e-03]\n",
      " [ -6.13495811e-04   2.75595811e-03   9.99996014e-01]]\n",
      "cum_rot\n",
      "[[ 0.95344951  0.30129922 -0.01236214]\n",
      " [-0.29922818  0.94022409 -0.16260737]\n",
      " [-0.03737029  0.15873702  0.98661341]]\n",
      "cum_Vel\n",
      "[[ 0.41195333]\n",
      " [-3.5496937 ]\n",
      " [-0.36387981]]\n",
      "position\n",
      "[[ 0.42726089]\n",
      " [-3.56809478]\n",
      " [-0.35770347]]\n",
      "[[0.0], [0.75], [9.5700000000000003]]\n",
      "total rotation\n",
      "[[  9.99986588e-01   5.14190303e-03   6.20743389e-04]\n",
      " [ -5.14014276e-03   9.99982856e-01  -2.80478752e-03]\n",
      " [ -6.35154692e-04   2.80155919e-03   9.99995874e-01]]\n",
      "cum_rot\n",
      "[[ 0.95189585  0.30616196 -0.01261532]\n",
      " [-0.30395377  0.93821381 -0.16542957]\n",
      " [-0.03881237  0.1613062   0.98614092]]\n",
      "cum_Vel\n",
      "[[ 0.43264261]\n",
      " [-3.75524377]\n",
      " [-0.37824498]]\n",
      "position\n",
      "[[ 0.47052515]\n",
      " [-3.94361915]\n",
      " [-0.39552797]]\n",
      "[[0.0], [0.75], [9.4900000000000002]]\n",
      "total rotation\n",
      "[[  9.99986165e-01   5.22011908e-03   6.48301322e-04]\n",
      " [ -5.21825140e-03   9.99982324e-01  -2.84992228e-03]\n",
      " [ -6.63166796e-04   2.84649985e-03   9.99995729e-01]]\n",
      "cum_rot\n",
      "[[ 0.95029342  0.31108965 -0.01287069]\n",
      " [-0.30873569  0.93613966 -0.16829975]\n",
      " [-0.04030754  0.16390779  0.98565184]]\n",
      "cum_Vel\n",
      "[[ 0.45356005]\n",
      " [-3.96234976]\n",
      " [-0.4007683 ]]\n",
      "position\n",
      "[[ 0.51588115]\n",
      " [-4.33985413]\n",
      " [-0.4356048 ]]\n",
      "[[0.0], [0.67000000000000004], [9.6899999999999995]]\n",
      "total rotation\n",
      "[[  9.99985732e-01   5.29910784e-03   6.74000544e-04]\n",
      " [ -5.29713474e-03   9.99981776e-01  -2.89630605e-03]\n",
      " [ -6.89336099e-04   2.89269446e-03   9.99995579e-01]]\n",
      "cum_rot\n",
      "[[ 0.94864085  0.31608246 -0.01313115]\n",
      " [-0.31357413  0.93399973 -0.17121844]\n",
      " [-0.04185465  0.1665424   0.98514558]]\n",
      "cum_Vel\n",
      "[[ 0.47181349]\n",
      " [-4.18328244]\n",
      " [-0.40520389]]\n",
      "position\n",
      "[[ 0.5630625 ]\n",
      " [-4.75818237]\n",
      " [-0.47612519]]\n",
      "[[0.0], [0.75], [9.3399999999999999]]\n",
      "total rotation\n",
      "[[  9.99985288e-01   5.37887859e-03   7.00596450e-04]\n",
      " [ -5.37679456e-03   9.99981213e-01  -2.94332193e-03]\n",
      " [ -7.16415059e-04   2.93951167e-03   9.99995423e-01]]\n",
      "cum_rot\n",
      "[[ 0.94693679  0.32114055 -0.01339681]\n",
      " [-0.31846878  0.93179221 -0.17418641]\n",
      " [-0.04345528  0.16920998  0.98462156]]\n",
      "cum_Vel\n",
      "[[ 0.49318641]\n",
      " [-4.39368814]\n",
      " [-0.4430766 ]]\n",
      "position\n",
      "[[ 0.61238114]\n",
      " [-5.19755119]\n",
      " [-0.52043285]]\n",
      "[[0.0], [0.75], [9.5700000000000003]]\n",
      "total rotation\n",
      "[[  9.99984832e-01   5.45941896e-03   7.28116527e-04]\n",
      " [ -5.45721825e-03   9.99980636e-01  -2.99097249e-03]\n",
      " [ -7.44431400e-04   2.98695364e-03   9.99995262e-01]]\n",
      "cum_rot\n",
      "[[ 0.94517986  0.32626404 -0.01366779]\n",
      " [-0.32341927  0.92951523 -0.17720443]\n",
      " [-0.04511102  0.17191049  0.98407916]]\n",
      "cum_Vel\n",
      "[[ 0.51437614]\n",
      " [-4.61115913]\n",
      " [-0.45861956]]\n",
      "position\n",
      "[[ 0.66381876]\n",
      " [-5.6586671 ]\n",
      " [-0.5662948 ]]\n",
      "[[0.0], [0.75], [9.5299999999999994]]\n",
      "total rotation\n",
      "[[  9.99984364e-01   5.54071552e-03   7.56588918e-04]\n",
      " [ -5.53839208e-03   9.99980044e-01  -3.03926003e-03]\n",
      " [ -7.73413495e-04   3.03502222e-03   9.99995095e-01]]\n",
      "cum_rot\n",
      "[[ 0.94336868  0.33145302 -0.01394421]\n",
      " [-0.32842518  0.92716688 -0.1802733 ]\n",
      " [-0.04682352  0.17464381  0.98351772]]\n",
      "cum_Vel\n",
      "[[ 0.53574629]\n",
      " [-4.83102207]\n",
      " [-0.47842889]]\n",
      "position\n",
      "[[ 0.71739339]\n",
      " [-6.14176931]\n",
      " [-0.61413769]]\n",
      "[[0.0], [0.75], [9.5299999999999994]]\n",
      "total rotation\n",
      "[[  9.99983883e-01   5.62275370e-03   7.86042421e-04]\n",
      " [ -5.62030121e-03   9.99979437e-01  -3.08818653e-03]\n",
      " [ -8.03390370e-04   3.08371896e-03   9.99994923e-01]]\n",
      "cum_rot\n",
      "[[ 0.94150181  0.33670753 -0.0142262 ]\n",
      " [-0.33348602  0.92474525 -0.1833938 ]\n",
      " [-0.04859446  0.17740983  0.98293659]]\n",
      "cum_Vel\n",
      "[[ 0.55724179]\n",
      " [-5.05404047]\n",
      " [-0.49858459]]\n",
      "position\n",
      "[[ 0.77311757]\n",
      " [-6.64717335]\n",
      " [-0.66399615]]\n",
      "[[0.0], [0.78000000000000003], [9.5299999999999994]]\n",
      "total rotation\n",
      "[[  9.99983390e-01   5.70551776e-03   8.16506498e-04]\n",
      " [ -5.70292962e-03   9.99978815e-01  -3.13775367e-03]\n",
      " [ -8.34391710e-04   3.13304507e-03   9.99994744e-01]]\n",
      "cum_rot\n",
      "[[ 0.93957782  0.34202758 -0.01451389]\n",
      " [-0.33860121  0.92224837 -0.18656675]\n",
      " [-0.05042557  0.1802084   0.98233507]]\n",
      "cum_Vel\n",
      "[[ 0.57988821]\n",
      " [-5.27750321]\n",
      " [-0.518563  ]]\n",
      "position\n",
      "[[ 0.83110639]\n",
      " [-7.17492367]\n",
      " [-0.71585245]]\n",
      "[[0.0], [0.78000000000000003], [9.4900000000000002]]\n",
      "total rotation\n",
      "[[  9.99982884e-01   5.78899080e-03   8.48011274e-04]\n",
      " [ -5.78626008e-03   9.99978178e-01  -3.18796278e-03]\n",
      " [ -8.66447856e-04   3.18300141e-03   9.99994559e-01]]\n",
      "cum_rot\n",
      "[[ 0.93759526  0.34741313 -0.0148074 ]\n",
      " [-0.34377013  0.91967424 -0.18979297]\n",
      " [-0.05231858  0.18303933  0.98171247]]\n",
      "cum_Vel\n",
      "[[ 0.6027342 ]\n",
      " [-5.50348215]\n",
      " [-0.5428408 ]]\n",
      "position\n",
      "[[ 0.89137981]\n",
      " [-7.72527189]\n",
      " [-0.77013653]]\n",
      "[[0.0], [0.75], [9.4900000000000002]]\n",
      "total rotation\n",
      "[[  9.99982365e-01   5.87315472e-03   8.80587541e-04]\n",
      " [ -5.87027418e-03   9.99977525e-01  -3.23881487e-03]\n",
      " [ -8.99589810e-04   3.23358847e-03   9.99994367e-01]]\n",
      "cum_rot\n",
      "[[ 0.93555263  0.35286408 -0.01510689]\n",
      " [-0.34899208  0.91702085 -0.19307328]\n",
      " [-0.05427528  0.1859024   0.98106804]]\n",
      "cum_Vel\n",
      "[[ 0.62466257]\n",
      " [-5.73553212]\n",
      " [-0.56806455]]\n",
      "position\n",
      "[[ 0.95384606]\n",
      " [-8.2988251 ]\n",
      " [-0.82694299]]\n",
      "[[0.0], [0.75], [9.5299999999999994]]\n",
      "total rotation\n",
      "[[  9.99981833e-01   5.95799015e-03   9.14266757e-04]\n",
      " [ -5.95495222e-03   9.99976856e-01  -3.29031058e-03]\n",
      " [ -9.33849236e-04   3.28480639e-03   9.99994169e-01]]\n",
      "cum_rot\n",
      "[[ 0.93344846  0.3583803  -0.01541249]\n",
      " [-0.35426625  0.91428612 -0.1964085 ]\n",
      " [-0.05629751  0.18879734  0.98040102]]\n",
      "cum_Vel\n",
      "[[ 0.64665299]\n",
      " [-5.97173797]\n",
      " [-0.58978258]]\n",
      "position\n",
      "[[ 1.01851136]\n",
      " [-8.8959989 ]\n",
      " [-0.88592125]]\n",
      "[[0.0], [0.70999999999999996], [9.4100000000000001]]\n",
      "total rotation\n",
      "[[  9.99981288e-01   6.04347652e-03   9.49081053e-04]\n",
      " [ -6.04027328e-03   9.99976171e-01  -3.34245017e-03]\n",
      " [ -9.69258457e-04   3.33665492e-03   9.99993964e-01]]\n",
      "cum_rot\n",
      "[[ 0.93128121  0.36396161 -0.01572435]\n",
      " [-0.35959179  0.91146799 -0.1997995 ]\n",
      " [-0.0583871   0.19172387  0.97971062]]\n",
      "cum_Vel\n",
      "[[ 0.66749765]\n",
      " [-6.21263507]\n",
      " [-0.62446249]]\n",
      "position\n",
      "[[ 1.08526113]\n",
      " [-9.51726241]\n",
      " [-0.9483675 ]]\n",
      "[[0.040000000000000001], [0.75], [9.4900000000000002]]\n",
      "total rotation\n",
      "[[  9.99980729e-01   6.12959194e-03   9.85063223e-04]\n",
      " [ -6.12621513e-03   9.99975471e-01  -3.39523354e-03]\n",
      " [ -1.00585046e-03   3.38913340e-03   9.99993751e-01]]\n",
      "cum_rot\n",
      "[[ 0.92904937  0.36960776 -0.01604262]\n",
      " [-0.36496774  0.90856433 -0.20324712]\n",
      " [-0.06054596  0.19468165  0.97899604]]\n",
      "cum_Vel\n",
      "[[ 0.69350998]\n",
      " [-6.45643414]\n",
      " [-0.65123631]]\n",
      "position\n",
      "[[  1.15461213]\n",
      " [-10.16290582]\n",
      " [ -1.01349113]]\n",
      "[[0.0], [0.67000000000000004], [9.4900000000000002]]\n",
      "total rotation\n",
      "[[ 0.99998016  0.00621631  0.00102225]\n",
      " [-0.00621275  0.99997475 -0.00344866]\n",
      " [-0.00104366  0.00344224  0.99999353]]\n",
      "cum_rot\n",
      "[[ 0.9267514   0.37531847 -0.01636745]\n",
      " [-0.37039306  0.90557302 -0.20675222]\n",
      " [-0.06277601  0.1976703   0.97825642]]\n",
      "cum_Vel\n",
      "[[ 0.71292361]\n",
      " [-6.7095686 ]\n",
      " [-0.67982705]]\n",
      "position\n",
      "[[  1.22590449]\n",
      " [-10.83386268]\n",
      " [ -1.08147383]]\n",
      "[[0.0], [0.67000000000000004], [9.5299999999999994]]\n",
      "total rotation\n",
      "[[ 0.99997957  0.00630362  0.00106067]\n",
      " [-0.00629987  0.99997402 -0.00350273]\n",
      " [-0.00108272  0.00349598  0.9999933 ]]\n",
      "cum_rot\n",
      "[[ 0.92438573  0.38109339 -0.016699  ]\n",
      " [-0.37586663  0.90249187 -0.21031568]\n",
      " [-0.0650792   0.20068941  0.9774909 ]]\n",
      "cum_Vel\n",
      "[[ 0.73234272]\n",
      " [-6.96713249]\n",
      " [-0.70503203]]\n",
      "position\n",
      "[[  1.29913876]\n",
      " [-11.53057593]\n",
      " [ -1.15197703]]\n",
      "[[0.0], [0.75], [9.4900000000000002]]\n",
      "total rotation\n",
      "[[ 0.99997897  0.00639147  0.00110035]\n",
      " [-0.00638752  0.99997327 -0.00355744]\n",
      " [-0.00112306  0.00355034  0.99999307]]\n",
      "cum_rot\n",
      "[[ 0.9219508   0.3869321  -0.01703745]\n",
      " [-0.38138721  0.89931872 -0.21393837]\n",
      " [-0.06745752  0.20373852  0.97669857]]\n",
      "cum_Vel\n",
      "[[ 0.75499409]\n",
      " [-7.2203111 ]\n",
      " [-0.7330647 ]]\n",
      "position\n",
      "[[  1.37463817]\n",
      " [-12.25260704]\n",
      " [ -1.2252835 ]]\n",
      "[[0.0], [0.75], [9.5700000000000003]]\n",
      "total rotation\n",
      "[[ 0.99997835  0.00647988  0.00114124]\n",
      " [-0.0064757   0.99997244 -0.00363024]\n",
      " [-0.00116473  0.00362277  0.99999276]]\n",
      "cum_rot\n",
      "[[ 0.91944503  0.39283385 -0.01738982]\n",
      " [-0.3869535   0.89604754 -0.21763681]\n",
      " [-0.069913    0.20683414  0.9758749 ]]\n",
      "cum_Vel\n",
      "[[ 0.77761457]\n",
      " [-7.47898596]\n",
      " [-0.75383986]]\n",
      "position\n",
      "[[  1.45239963]\n",
      " [-13.00050563]\n",
      " [ -1.30066749]]\n",
      "[[0.040000000000000001], [0.75], [9.5299999999999994]]\n",
      "total rotation\n",
      "[[ 0.99997773  0.0065687   0.00118369]\n",
      " [-0.00656432  0.99997172 -0.00366908]\n",
      " [-0.00120775  0.00366123  0.99999257]]\n",
      "cum_rot\n",
      "[[ 0.91686687  0.39879863 -0.0177427 ]\n",
      " [-0.39256397  0.8926836  -0.2213809 ]\n",
      " [-0.07244778  0.20994195  0.975026  ]]\n",
      "cum_Vel\n",
      "[[ 0.80408315]\n",
      " [-7.74218094]\n",
      " [-0.77938423]]\n",
      "position\n",
      "[[  1.53280794]\n",
      " [-13.77472373]\n",
      " [ -1.37860591]]\n",
      "[[0.040000000000000001], [0.75], [9.4900000000000002]]\n",
      "total rotation\n",
      "[[ 0.99997708  0.00665806  0.0012274 ]\n",
      " [-0.00665344  0.99997092 -0.00372571]\n",
      " [-0.00125217  0.00371745  0.99999231]]\n",
      "cum_rot\n",
      "[[ 0.91421469  0.40482563 -0.018103  ]\n",
      " [-0.39821718  0.88922096 -0.22518691]\n",
      " [-0.07506386  0.2130781   0.97414739]]\n",
      "cum_Vel\n",
      "[[ 0.83072218]\n",
      " [-8.00838461]\n",
      " [-0.80943775]]\n",
      "position\n",
      "[[  1.61588016]\n",
      " [-14.57556219]\n",
      " [ -1.45954969]]\n",
      "[[0.040000000000000001], [0.75], [9.5700000000000003]]\n",
      "total rotation\n",
      "[[ 0.99997642  0.00674785  0.00127254]\n",
      " [-0.00674299  0.99997011 -0.00378296]\n",
      " [-0.00129802  0.00377429  0.99999203]]\n",
      "cum_rot\n",
      "[[ 0.9114869   0.41091418 -0.01847093]\n",
      " [-0.4039115   0.88565736 -0.22905575]\n",
      " [-0.07776334  0.21624193  0.97323805]]\n",
      "cum_Vel\n",
      "[[ 0.85731001]\n",
      " [-8.28038231]\n",
      " [-0.83234185]]\n",
      "position\n",
      "[[  1.70161116]\n",
      " [-15.40360042]\n",
      " [ -1.54278387]]\n",
      "[[0.0], [0.78000000000000003], [9.5299999999999994]]\n",
      "total rotation\n",
      "[[ 0.99997575  0.00683804  0.00131912]\n",
      " [-0.00683293  0.99996928 -0.00384085]\n",
      " [-0.00134535  0.00383174  0.99999175]]\n",
      "cum_rot\n",
      "[[ 0.90868189  0.41706357 -0.01884667]\n",
      " [-0.40964519  0.8819905  -0.23298834]\n",
      " [-0.08054836  0.21943274  0.97229689]]\n",
      "cum_Vel\n",
      "[[ 0.8816801 ]\n",
      " [-8.55122494]\n",
      " [-0.85882716]]\n",
      "position\n",
      "[[  1.78977917]\n",
      " [-16.25872292]\n",
      " [ -1.62866659]]\n",
      "[[0.0], [0.70999999999999996], [9.5299999999999994]]\n",
      "total rotation\n",
      "[[ 0.99997507  0.0069286   0.00136335]\n",
      " [-0.00692324  0.99996843 -0.00390071]\n",
      " [-0.00139033  0.00389117  0.99999146]]\n",
      "cum_rot\n",
      "[[ 0.90579801  0.42327297 -0.0192345 ]\n",
      " [-0.41541727  0.87821779 -0.23698523]\n",
      " [-0.08341736  0.2226511   0.97132283]]\n",
      "cum_Vel\n",
      "[[ 0.903202  ]\n",
      " [-8.8323184 ]\n",
      " [-0.88754827]]\n",
      "position\n",
      "[[  1.88009937]\n",
      " [-17.14195476]\n",
      " [ -1.71742142]]\n",
      "[[0.0], [0.70999999999999996], [9.5299999999999994]]\n",
      "total rotation\n",
      "[[ 0.99997436  0.00701955  0.00141675]\n",
      " [-0.00701389  0.99996757 -0.00395851]\n",
      " [-0.00144449  0.00394847  0.99999116]]\n",
      "cum_rot\n",
      "[[ 0.90283378  0.42954158 -0.01962658]\n",
      " [-0.42122402  0.87433753 -0.24104811]\n",
      " [-0.08637993  0.22589356  0.9703147 ]]\n",
      "cum_Vel\n",
      "[[ 0.92479532]\n",
      " [-9.11755929]\n",
      " [-0.91699993]]\n",
      "position\n",
      "[[  1.9725789 ]\n",
      " [-18.05371068]\n",
      " [ -1.80912141]]\n",
      "[[0.0], [0.70999999999999996], [9.5700000000000003]]\n",
      "total rotation\n",
      "[[ 0.99997364  0.00711078  0.00146781]\n",
      " [-0.00710481  0.99996662 -0.00403571]\n",
      " [-0.00149645  0.00402517  0.99999078]]\n",
      "cum_rot\n",
      "[[ 0.89978754  0.43586809 -0.02003471]\n",
      " [-0.4270642   0.87034285 -0.24519273]\n",
      " [-0.08943462  0.22917747  0.96926732]]\n",
      "cum_Vel\n",
      "[[ 0.94636874]\n",
      " [-9.40801439]\n",
      " [-0.9433395 ]]\n",
      "position\n",
      "[[  2.06721577]\n",
      " [-18.99451212]\n",
      " [ -1.90345536]]\n",
      "[[0.0], [0.67000000000000004], [9.5299999999999994]]\n",
      "total rotation\n",
      "[[ 0.99997291  0.00720217  0.00152072]\n",
      " [-0.00719591  0.99996579 -0.00407891]\n",
      " [-0.00155005  0.00406786  0.99999052]]\n",
      "cum_rot\n",
      "[[ 0.89665775  0.44225211 -0.02044406]\n",
      " [-0.43293548  0.86623988 -0.2493899 ]\n",
      " [-0.09258374  0.23246835  0.96818734]]\n",
      "cum_Vel\n",
      "[[ 0.96631643]\n",
      " [-9.70524489]\n",
      " [-0.97528159]]\n",
      "position\n",
      "[[  2.16384742]\n",
      " [-19.96503661]\n",
      " [ -2.00098352]]\n",
      "[[0.0], [0.70999999999999996], [9.4900000000000002]]\n",
      "total rotation\n",
      "[[ 0.99997216  0.00729386  0.00157517]\n",
      " [-0.00728728  0.99996488 -0.00413987]\n",
      " [-0.00160531  0.00412828  0.99999019]]\n",
      "cum_rot\n",
      "[[ 0.89344279  0.44869227 -0.02086234]\n",
      " [-0.43883562  0.86202214 -0.25365553]\n",
      " [-0.09582947  0.23578184  0.96706962]]\n",
      "cum_Vel\n",
      "[[  0.98817522]\n",
      " [-10.00236042]\n",
      " [ -1.01099201]]\n",
      "position\n",
      "[[  2.26266494]\n",
      " [-20.96527265]\n",
      " [ -2.10208272]]\n",
      "[[0.0], [0.75], [9.6099999999999994]]\n",
      "total rotation\n",
      "[[ 0.99997139  0.00738573  0.00163132]\n",
      " [-0.00737882  0.99996395 -0.00420143]\n",
      " [-0.00166229  0.00418927  0.99998984]]\n",
      "cum_rot\n",
      "[[ 0.89014109  0.45518743 -0.02128979]\n",
      " [-0.44476213  0.85768731 -0.25799055]\n",
      " [-0.09917407  0.23911689  0.96591284]]\n",
      "cum_Vel\n",
      "[[  1.01165479]\n",
      " [-10.30356279]\n",
      " [ -1.035016  ]]\n",
      "position\n",
      "[[  2.36383042]\n",
      " [-21.99562893]\n",
      " [ -2.20558432]]\n",
      "[[0.0], [0.70999999999999996], [9.2599999999999998]]\n",
      "total rotation\n",
      "[[ 0.99997061  0.00747775  0.0016892 ]\n",
      " [-0.00747049  0.99996301 -0.00426358]\n",
      " [-0.00172102  0.00425083  0.99998948]]\n",
      "cum_rot\n",
      "[[ 0.8867511   0.46173634 -0.02172667]\n",
      " [-0.45071239  0.85323308 -0.26239595]\n",
      " [-0.10261983  0.24247237  0.96471567]]\n",
      "cum_Vel\n",
      "[[  1.03411918]\n",
      " [-10.60356189]\n",
      " [ -1.09467375]]\n",
      "position\n",
      "[[  2.46724234]\n",
      " [-23.05598512]\n",
      " [ -2.31505169]]\n",
      "[[0.0], [0.75], [9.4900000000000002]]\n",
      "total rotation\n",
      "[[ 0.99996982  0.00756986  0.00174886]\n",
      " [-0.00756224  0.99996205 -0.00432631]\n",
      " [-0.00178154  0.00431295  0.99998911]]\n",
      "cum_rot\n",
      "[[ 0.88327128  0.46833769 -0.02217324]\n",
      " [-0.45668367  0.84865717 -0.26687267]\n",
      " [-0.10616904  0.24584712  0.96347669]]\n",
      "cum_Vel\n",
      "[[  1.0580021 ]\n",
      " [-10.91077476]\n",
      " [ -1.13209584]]\n",
      "position\n",
      "[[  2.57304255]\n",
      " [-24.1470626 ]\n",
      " [ -2.42826128]]\n",
      "[[0.0], [0.78000000000000003], [9.5700000000000003]]\n",
      "total rotation\n",
      "[[ 0.99996901  0.00766203  0.00181034]\n",
      " [-0.00765402  0.99996107 -0.00438961]\n",
      " [-0.0018439   0.00437562  0.99998873]]\n",
      "cum_rot\n",
      "[[ 0.87970013  0.47499009 -0.02262979]\n",
      " [-0.46267307  0.84395728 -0.27142168]\n",
      " [-0.10982403  0.24923989  0.96219445]]\n",
      "cum_Vel\n",
      "[[  1.08319461]\n",
      " [-11.22229665]\n",
      " [ -1.16203504]]\n",
      "position\n",
      "[[  2.68136201]\n",
      " [-25.26929226]\n",
      " [ -2.54446478]]\n",
      "[[0.0], [0.78000000000000003], [9.5299999999999994]]\n",
      "total rotation\n",
      "[[ 0.99996818  0.00775421  0.00187369]\n",
      " [-0.0077458   0.99996008 -0.00445348]\n",
      " [-0.00190814  0.00443882  0.99998833]]\n",
      "cum_rot\n",
      "[[ 0.87603614  0.48169206 -0.02309661]\n",
      " [-0.46867756  0.83913113 -0.27604397]\n",
      " [-0.1135871   0.25264935  0.96086746]]\n",
      "cum_Vel\n",
      "[[  1.10855552]\n",
      " [-11.53751432]\n",
      " [ -1.1968217 ]]\n",
      "position\n",
      "[[  2.79221756]\n",
      " [-26.42304369]\n",
      " [ -2.66414695]]\n",
      "[[0.0], [0.75], [9.4900000000000002]]\n",
      "total rotation\n",
      "[[ 0.99996734  0.00784635  0.00193894]\n",
      " [-0.00783752  0.99995908 -0.00451791]\n",
      " [-0.00197431  0.00450256  0.99998791]]\n"
     ]
    },
    {
     "name": "stdout",
     "output_type": "stream",
     "text": [
      "cum_rot\n",
      "[[ 0.87227785  0.48844204 -0.02357398]\n",
      " [-0.47469397  0.83417648 -0.28074049]\n",
      " [-0.11746059  0.25607414  0.95949416]]\n",
      "cum_Vel\n",
      "[[  1.13261697]\n",
      " [-11.8589738 ]\n",
      " [ -1.23725618]]\n",
      "position\n",
      "[[  2.90547926]\n",
      " [-27.60894107]\n",
      " [ -2.78787257]]\n",
      "[[0.040000000000000001], [0.75], [9.4900000000000002]]\n",
      "total rotation\n",
      "[[ 0.99996648  0.00793841  0.00200616]\n",
      " [-0.00792915  0.99995806 -0.00458288]\n",
      " [-0.00204245  0.00456682  0.99998749]]\n",
      "cum_rot\n",
      "[[ 0.86842383  0.49523839 -0.02406223]\n",
      " [-0.48071896  0.8290911  -0.28551221]\n",
      " [-0.12144683  0.25951278  0.95807296]]\n",
      "cum_Vel\n",
      "[[  1.16019849]\n",
      " [-12.18726594]\n",
      " [ -1.27926727]]\n",
      "position\n",
      "[[  3.02149911]\n",
      " [-28.82766767]\n",
      " [ -2.9157993 ]]\n",
      "[[0.0], [0.75], [9.4900000000000002]]\n",
      "total rotation\n",
      "[[ 0.99996561  0.00803032  0.00207079]\n",
      " [-0.00802062  0.99995702 -0.00465042]\n",
      " [-0.00210804  0.00463365  0.99998704]]\n",
      "cum_rot\n",
      "[[ 0.86447258  0.50207933 -0.02456666]\n",
      " [-0.48675038  0.82387217 -0.2903596 ]\n",
      " [-0.12554376  0.26296575  0.95660221]]\n",
      "cum_Vel\n",
      "[[  1.18434067]\n",
      " [-12.51862679]\n",
      " [ -1.32192934]]\n",
      "position\n",
      "[[  3.13993317]\n",
      " [-30.07953035]\n",
      " [ -3.04799223]]\n",
      "[[0.0], [0.70999999999999996], [9.4900000000000002]]\n",
      "total rotation\n",
      "[[ 0.99996471  0.0081221   0.00214655]\n",
      " [-0.00811191  0.99995598 -0.00471447]\n",
      " [-0.00218474  0.00469689  0.99998658]]\n",
      "cum_rot\n",
      "[[ 0.86042292  0.50896318 -0.02507774]\n",
      " [-0.49278202  0.81851869 -0.29528466]\n",
      " [-0.12976242  0.26642755  0.95508014]]\n",
      "cum_Vel\n",
      "[[  1.20647828]\n",
      " [-12.8583371 ]\n",
      " [ -1.36684193]]\n",
      "position\n",
      "[[  3.260581  ]\n",
      " [-31.36536406]\n",
      " [ -3.18467642]]\n",
      "[[0.0], [0.78000000000000003], [9.4499999999999993]]\n",
      "total rotation\n",
      "[[ 0.9999638   0.00821366  0.00221975]\n",
      " [-0.00820293  0.99995484 -0.00479848]\n",
      " [-0.00225906  0.0047801   0.99998602]]\n",
      "cum_rot\n",
      "[[ 0.85627343  0.51588754 -0.02560972]\n",
      " [-0.49881137  0.81302269 -0.30030203]\n",
      " [-0.13410079  0.26991507  0.95350031]]\n",
      "cum_Vel\n",
      "[[  1.23231633]\n",
      " [-13.19630676]\n",
      " [ -1.41493077]]\n",
      "position\n",
      "[[  3.38381263]\n",
      " [-32.68499473]\n",
      " [ -3.3261695 ]]\n",
      "[[0.0], [0.78000000000000003], [9.5299999999999994]]\n",
      "total rotation\n",
      "[[ 0.99996289  0.00830475  0.0022906 ]\n",
      " [-0.00829356  0.99995384 -0.00485063]\n",
      " [-0.00233078  0.00483146  0.99998561]]\n",
      "cum_rot\n",
      "[[ 0.8520228   0.52285113 -0.02615035]\n",
      " [-0.50483578  0.80739176 -0.30538396]\n",
      " [-0.13855677  0.27339574  0.95187016]]\n",
      "cum_Vel\n",
      "[[  1.25797743]\n",
      " [-13.54196112]\n",
      " [ -1.45667364]]\n",
      "position\n",
      "[[  3.50961038]\n",
      " [-34.03919084]\n",
      " [ -3.47183686]]\n",
      "[[0.0], [0.70999999999999996], [9.4900000000000002]]\n",
      "total rotation\n",
      "[[ 0.99996194  0.00839569  0.00237296]\n",
      " [-0.00838395  0.99995277 -0.00491601]\n",
      " [-0.00241412  0.00489592  0.9999851 ]]\n",
      "cum_rot\n",
      "[[ 0.84766995  0.52985173 -0.02669849]\n",
      " [-0.51084846  0.80162005 -0.31054651]\n",
      " [-0.14314156  0.27687983  0.95018317]]\n",
      "cum_Vel\n",
      "[[  1.28006004]\n",
      " [-13.89735473]\n",
      " [ -1.50549134]]\n",
      "position\n",
      "[[  3.63761638]\n",
      " [-35.42892632]\n",
      " [ -3.622386  ]]\n",
      "[[0.0], [0.70999999999999996], [9.5299999999999994]]\n",
      "total rotation\n",
      "[[ 0.99996098  0.0084862   0.00245285]\n",
      " [-0.00847389  0.99995167 -0.00498406]\n",
      " [-0.00249503  0.00496308  0.99998457]]\n",
      "cum_rot\n",
      "[[ 0.84321358  0.53688711 -0.02725968]\n",
      " [-0.51684655  0.79570488 -0.31579008]\n",
      " [-0.14785296  0.28036755  0.94843742]]\n",
      "cum_Vel\n",
